%Run code and drop data in premade vectors 
ntp =[10e-6 20e-6 50e-6 250e-6 1000e-6];

time = [0.005
0.007
0.01
0.02
0.03
0.04
0.05
0.1
0.2
0.3
0.4
0.5
1
2
6
10
];

%
data_mean = [1];
weights = [1]; 
